V1 V2 V3 V4 V5 V6 V7 V8 V9 V10 V11 V12 V13 V14 V15 V16 V17 V18 V19 V20 V21 V22 V23 V24 V25 V26 V27 V28 V29 V30 V31 V32 V33 V34 V35 V36 Target
46 40 119 139 42 30 135 157 42 30 140 150 50 43 110 115 44 34 129 143 42 29 135 150 50 40 115 113 50 46 111 116 44 31 131 142 'Anomaly'
47 37 119 133 44 34 124 143 44 34 129 143 57 49 115 113 47 31 131 142 44 31 131 142 68 68 100 85 50 39 118 132 43 29 133 143 'Anomaly'
80 95 100 74 64 64 104 96 46 36 122 139 84 95 96 79 71 83 93 79 55 51 113 108 82 96 100 81 82 91 92 78 78 83 96 74 'Anomaly'
56 51 72 60 59 54 72 60 59 51 65 45 53 49 70 55 57 56 74 62 57 60 74 58 53 52 71 50 57 55 74 61 57 55 78 65 'Anomaly'
44 34 129 140 44 34 124 136 44 34 124 136 44 31 136 139 44 31 125 139 44 31 125 139 46 31 133 139 43 31 128 135 43 29 128 132 'Anomaly'
46 48 108 107 53 75 104 92 64 95 108 88 44 32 118 129 48 34 113 125 51 58 113 104 46 34 112 133 46 32 112 133 46 32 112 133 'Anomaly'
53 53 74 62 53 53 70 58 53 53 67 48 53 52 78 65 53 49 74 57 53 52 71 50 56 54 79 70 53 48 75 63 53 45 75 59 'Anomaly'
44 31 125 135 47 31 131 135 44 34 131 139 46 31 139 143 43 31 133 143 43 29 133 143 44 29 134 146 44 34 139 146 44 32 134 141 'Anomaly'
43 29 113 114 43 29 108 114 46 34 104 103 44 32 109 104 41 32 109 112 44 32 109 112 43 32 100 107 43 32 100 103 40 32 100 107 'Anomaly'
92 103 110 86 92 99 101 83 83 95 101 79 78 88 89 73 70 84 82 65 67 79 78 62 60 66 67 57 64 69 71 57 64 66 67 54 'Anomaly'
41 29 113 129 44 29 113 129 48 37 109 112 46 27 108 129 43 29 108 129 46 32 108 122 52 40 97 105 52 48 90 98 59 63 90 75 'Anomaly'
52 53 76 74 56 53 80 74 49 49 76 74 59 60 72 72 59 63 79 72 59 60 75 68 63 75 89 73 60 71 82 65 63 67 78 69 'Anomaly'
92 106 111 87 80 98 102 76 76 85 90 68 80 87 91 67 68 71 75 59 60 57 60 45 75 75 74 58 63 61 63 42 55 51 50 29 'Anomaly'
42 30 114 135 46 34 110 124 49 51 101 101 44 31 110 133 44 29 114 136 44 29 114 133 44 31 115 131 47 31 111 124 47 37 106 124 'Anomaly'
67 79 77 62 67 75 81 58 67 75 77 62 66 75 84 63 63 71 88 70 63 63 88 74 63 63 93 83 59 60 90 83 59 57 97 86 'Anomaly'
66 71 92 74 66 75 84 70 66 71 84 70 67 73 90 75 67 73 90 75 63 70 86 75 67 75 89 76 67 75 89 80 67 79 93 76 'Anomaly'
50 36 122 121 46 36 122 125 50 39 122 117 44 34 118 129 44 34 123 129 48 29 118 129 46 32 122 125 46 29 122 129 43 32 122 133 'Anomaly'
42 32 119 127 42 34 110 120 46 34 110 116 44 31 124 133 44 31 114 122 47 34 114 126 44 31 131 135 47 31 125 128 47 31 120 124 'Anomaly'
50 40 111 109 64 69 102 79 80 98 102 79 50 36 118 128 53 51 113 103 71 83 100 78 48 34 123 125 48 37 118 121 63 58 109 96 'Anomaly'
49 51 86 83 59 70 90 72 59 63 97 90 50 46 82 83 57 67 85 76 60 71 97 83 50 52 82 79 57 66 82 72 60 77 90 83 'Anomaly'
43 32 138 144 46 32 138 144 46 32 138 144 42 34 130 142 46 32 130 142 46 32 135 142 44 34 124 143 44 34 129 143 44 31 124 143 'Anomaly'
71 83 96 75 67 72 96 83 59 58 104 100 66 63 100 92 56 53 108 107 49 37 122 125 49 37 130 131 46 34 130 135 42 32 130 135 'Anomaly'
63 73 97 86 59 70 105 94 63 66 101 90 60 75 101 83 60 75 101 83 60 75 97 80 64 77 94 76 60 77 94 76 57 81 90 76 'Anomaly'
46 42 96 78 53 48 71 59 56 51 71 59 44 32 113 116 51 45 85 71 51 45 74 62 43 27 117 129 43 29 117 133 49 40 96 89 'Anomaly'
53 49 78 73 50 49 89 87 47 37 105 115 41 31 98 113 44 37 102 102 50 46 102 102 40 29 108 121 43 31 104 117 50 42 96 96 'Anomaly'
63 67 80 70 59 63 73 66 66 63 84 66 75 81 86 75 63 66 79 68 63 57 75 68 67 75 89 73 60 67 78 62 53 49 78 58 'Anomaly'
46 32 104 111 43 32 104 114 46 34 104 118 46 32 101 116 46 32 101 116 42 30 101 120 53 43 105 115 50 34 105 115 47 34 101 111 'Anomaly'
43 31 139 143 43 31 133 139 46 31 133 139 44 29 139 150 44 27 134 146 44 29 134 141 46 29 138 151 46 29 133 151 46 29 138 147 'Anomaly'
60 61 104 103 46 34 104 110 46 34 100 107 75 79 100 83 55 48 104 108 44 32 104 112 70 83 92 74 74 83 100 85 59 49 104 107 'Anomaly'
63 73 97 83 59 60 110 98 49 45 119 116 47 40 119 122 42 37 119 129 44 34 124 136 47 34 125 135 44 34 131 131 44 34 120 135 'Anomaly'
67 75 81 58 67 75 77 62 67 72 77 62 63 71 88 70 63 63 88 74 63 60 88 85 59 60 90 83 59 57 97 86 59 57 97 86 'Anomaly'
46 32 114 127 42 34 119 135 52 37 114 124 53 43 114 119 53 56 101 97 60 63 85 73 68 73 78 65 64 73 74 54 68 69 78 54 'Anomaly'
47 37 114 122 50 63 97 90 63 84 97 80 50 43 98 109 53 55 98 91 57 73 86 72 56 61 91 85 56 64 91 85 60 64 91 81 'Anomaly'
46 34 122 125 46 36 122 121 46 36 118 125 48 29 123 125 44 32 113 121 48 34 118 112 46 32 112 118 46 34 112 118 46 34 112 114 'Anomaly'
71 79 87 70 68 75 87 67 76 83 91 74 63 58 81 67 63 68 85 67 71 91 93 75 56 49 80 66 56 53 73 66 70 79 84 66 'Anomaly'
55 54 63 46 59 51 67 46 59 51 67 50 59 56 62 44 59 53 62 44 59 56 66 44 56 54 72 49 56 51 62 45 56 54 65 45 'Anomaly'
66 83 117 100 70 87 112 100 82 91 108 85 75 91 110 94 79 91 119 98 79 99 110 86 74 92 110 94 70 88 114 97 74 88 110 94 'Anomaly'
64 69 98 87 68 77 90 79 64 73 98 83 68 79 100 81 68 75 96 78 64 75 87 78 63 68 89 71 67 75 77 62 67 72 77 58 'Anomaly'
59 75 89 79 59 64 100 92 59 58 104 100 52 56 80 74 59 67 88 74 63 71 92 81 49 45 86 86 49 51 86 83 59 70 90 72 'Anomaly'
47 34 101 111 44 31 101 119 44 31 105 122 44 34 102 109 47 34 106 113 47 34 106 116 46 34 104 110 46 34 100 107 43 36 104 114 'Anomaly'
72 81 94 72 64 69 102 83 57 49 111 109 56 54 104 92 53 45 113 114 46 34 133 146 48 37 118 121 51 45 113 104 44 37 128 137 'Anomaly'
49 37 114 116 52 40 110 113 49 37 105 113 47 37 114 119 44 34 110 119 44 37 105 111 47 37 111 113 47 37 111 105 50 40 106 105 'Anomaly'
44 34 124 136 44 34 119 133 53 56 105 97 41 31 131 135 41 31 131 139 44 40 120 120 43 31 128 135 43 31 128 132 46 34 118 132 'Anomaly'
59 60 76 66 59 60 80 70 56 60 84 74 52 57 75 68 56 54 82 72 56 51 79 75 53 53 82 76 50 56 82 73 53 53 82 73 'Anomaly'
49 45 86 86 49 51 86 83 59 70 90 72 44 43 82 87 50 46 82 83 57 67 85 76 50 52 78 83 50 52 82 79 57 66 82 72 'Anomaly'
44 32 139 141 44 34 139 146 44 29 134 146 46 34 127 144 43 32 133 144 43 32 138 144 56 42 114 120 42 32 130 146 42 34 130 142 'Anomaly'
60 59 98 91 64 69 98 87 68 77 90 79 71 83 100 78 68 79 100 81 68 75 96 78 71 79 93 71 63 68 89 71 67 75 77 62 'Anomaly'
64 69 78 68 68 69 82 68 60 66 78 68 60 57 79 70 53 54 75 70 56 57 71 67 51 48 81 79 48 42 74 75 48 48 67 71 'Anomaly'
56 71 96 85 56 68 91 81 56 64 91 81 59 75 96 87 59 72 96 83 59 75 96 75 66 83 100 85 63 83 100 81 59 87 96 81 'Anomaly'
63 71 78 58 67 71 78 58 67 75 82 62 64 62 71 50 60 62 67 50 60 62 67 54 56 54 67 49 56 54 67 52 53 57 67 52 'Anomaly'
50 36 118 128 43 31 139 143 46 29 133 139 51 45 104 100 48 37 123 129 44 32 128 137 49 37 112 118 52 43 104 103 49 37 117 122 'Anomaly'
60 62 67 50 60 62 67 54 64 69 74 61 56 54 67 52 53 57 67 52 60 64 75 63 55 54 60 46 55 54 67 50 55 58 70 54 'Anomaly'
84 95 100 74 80 91 91 70 71 91 96 74 79 95 100 75 71 83 96 75 67 72 96 83 74 79 96 81 66 63 100 92 56 53 108 107 'Anomaly'
76 99 122 96 80 95 118 96 80 95 118 92 75 99 118 96 75 95 109 96 75 95 113 96 74 91 112 96 70 87 112 100 66 83 117 100 'Anomaly'
46 32 127 133 46 32 122 125 46 34 122 125 46 32 124 131 46 34 130 131 49 34 124 131 44 34 119 136 42 34 119 129 44 34 114 129 'Anomaly'
63 71 92 81 59 60 96 92 56 63 104 96 59 70 90 72 59 63 97 90 59 60 97 90 57 67 85 76 60 71 97 83 60 60 97 87 'Anomaly'
53 49 74 58 53 49 74 58 53 53 74 58 53 49 82 65 57 55 71 61 57 55 78 65 60 54 83 70 56 57 83 78 53 48 91 85 'Anomaly'
44 31 105 122 44 31 110 129 42 29 110 126 47 34 106 116 44 31 111 124 44 29 111 128 43 36 104 114 46 34 108 121 40 31 104 125 'Anomaly'
59 56 66 44 52 53 69 52 56 56 69 59 63 66 68 49 56 54 65 49 56 54 68 53 70 79 82 65 60 63 74 55 57 60 70 55 'Anomaly'
89 106 101 80 74 75 97 83 53 49 114 108 88 102 111 83 76 77 102 83 53 40 115 116 84 95 100 85 80 95 100 74 64 64 104 96 'Anomaly'
44 29 115 124 44 29 106 113 44 31 106 116 43 29 122 135 43 29 122 128 43 29 122 128 41 27 134 146 41 27 134 137 41 27 123 129 'Anomaly'
56 54 68 53 56 57 72 57 56 57 72 57 57 60 70 55 60 63 78 62 60 71 85 69 64 73 71 54 60 66 74 61 60 69 86 76 'Anomaly'
50 46 102 102 44 31 111 120 44 31 115 124 50 42 96 96 50 48 96 96 46 36 104 107 44 32 104 116 51 40 96 96 44 34 100 100 'Anomaly'
49 34 110 116 49 37 114 116 52 40 110 113 47 37 114 122 47 37 114 119 44 34 110 119 47 34 115 120 47 37 111 113 47 37 111 105 'Anomaly'
63 63 88 74 63 60 88 85 59 56 88 85 59 57 97 86 59 57 97 86 56 57 97 86 57 56 97 94 53 56 97 90 60 56 93 87 'Anomaly'
75 91 93 72 75 84 93 72 75 84 90 68 63 71 78 58 67 71 78 58 67 75 82 62 64 62 71 50 60 62 67 50 60 62 67 54 'Anomaly'
63 67 104 85 82 96 104 78 86 100 108 85 52 48 110 105 71 77 97 75 83 99 105 83 44 34 119 133 53 56 105 97 74 92 101 76 'Anomaly'
60 73 90 83 53 62 86 83 50 52 82 83 64 79 100 85 56 71 96 85 56 68 91 81 63 79 100 87 59 75 96 87 59 72 96 83 'Anomaly'
60 54 83 70 56 57 83 78 53 48 91 85 63 54 100 92 48 37 100 104 48 37 104 104 70 79 92 70 74 87 96 78 63 56 104 100 'Anomaly'
42 28 119 127 46 32 105 113 49 45 82 72 47 37 101 101 50 37 101 104 47 40 93 94 41 34 115 113 44 29 115 120 47 31 106 105 'Anomaly'
67 64 81 67 59 61 77 71 55 54 85 67 66 71 80 66 66 63 76 66 59 60 73 63 71 77 86 68 67 73 75 60 63 66 68 57 'Anomaly'
53 51 75 59 53 57 75 63 56 68 87 63 55 54 81 71 51 58 81 75 55 68 89 71 56 56 84 78 56 63 88 78 59 71 88 78 'Anomaly'
56 53 76 59 52 53 73 63 52 56 73 66 59 60 86 75 59 60 93 79 63 70 97 83 70 84 101 87 82 92 105 90 89 106 114 94 'Anomaly'
48 37 118 121 63 58 109 96 79 95 100 79 49 34 117 122 49 34 117 125 52 49 112 107 46 37 114 116 46 37 110 113 52 45 110 109 'Anomaly'
71 75 87 70 64 61 75 52 60 54 75 59 71 75 81 71 63 61 74 54 59 54 77 54 63 75 80 59 70 75 84 66 63 56 76 55 'Anomaly'
80 102 102 79 76 102 102 79 76 102 106 83 76 99 108 85 76 103 118 88 80 107 118 88 79 107 109 87 79 107 109 87 79 107 113 87 'Normal'
76 102 102 79 76 102 106 83 76 102 106 87 76 103 118 88 80 107 118 88 80 112 118 88 79 107 109 87 79 107 113 87 79 103 104 83 'Normal'
80 98 106 79 76 94 102 76 76 94 102 76 80 107 113 85 80 95 100 78 80 95 100 78 79 103 104 79 79 95 100 79 79 95 96 75 'Normal'
76 94 102 76 76 94 102 76 76 94 102 76 80 95 100 78 80 95 100 78 80 91 100 78 79 95 100 79 79 95 96 75 79 95 100 75 'Normal'
76 94 102 76 76 94 102 76 76 89 94 76 80 95 100 78 80 91 100 78 80 91 100 74 79 95 96 75 79 95 100 75 75 95 100 79 'Normal'
76 94 102 76 76 89 94 76 76 89 98 76 80 91 100 78 80 91 100 74 80 95 104 74 79 95 100 75 75 95 100 79 75 91 96 75 'Normal'
76 89 94 76 76 89 98 76 76 94 98 76 80 91 100 74 80 95 104 74 76 91 104 74 75 95 100 79 75 91 96 75 75 91 96 71 'Normal'
76 94 90 76 76 89 94 76 72 94 90 72 76 91 100 74 76 87 100 74 76 87 91 74 79 87 93 67 75 87 96 71 75 91 96 71 'Normal'
76 89 94 76 72 94 90 72 72 89 94 76 76 87 100 74 76 87 91 74 76 87 91 67 75 87 96 71 75 91 96 71 75 87 93 67 'Normal'
72 89 98 76 76 94 98 76 72 85 90 72 71 87 87 70 71 83 87 67 68 83 87 67 71 87 89 67 71 79 81 62 71 79 85 62 'Normal'
72 85 90 72 68 85 94 72 68 89 90 68 68 83 87 67 68 83 87 67 68 79 87 63 71 79 85 62 67 75 85 62 71 75 85 62 'Normal'
68 85 94 72 68 89 90 68 68 85 90 72 68 83 87 67 68 79 87 63 68 79 87 67 67 75 85 62 71 75 85 62 67 79 81 62 'Normal'
68 89 90 68 68 85 90 72 68 85 86 68 68 79 87 63 68 79 87 67 71 83 87 67 71 75 85 62 67 79 81 62 71 79 85 62 'Normal'
68 85 90 72 68 85 86 68 68 89 86 72 68 79 87 67 71 83 87 67 68 83 87 67 67 79 81 62 71 79 85 62 71 75 81 67 'Normal'
80 98 106 83 80 94 102 83 80 102 111 87 76 95 104 81 84 103 104 85 84 103 108 85 75 83 96 83 79 99 104 83 84 99 113 87 'Normal'
80 102 111 87 84 106 115 91 88 106 115 91 84 103 108 85 88 107 118 88 88 107 118 92 84 99 113 87 84 99 109 87 84 103 109 83 'Normal'
84 106 115 91 88 106 115 91 88 106 115 87 88 107 118 88 88 107 118 92 88 107 118 92 84 99 109 87 84 103 109 83 88 107 113 87 'Normal'
88 106 115 91 88 106 115 87 88 111 111 91 88 107 118 92 88 107 118 92 88 112 113 88 84 103 109 83 88 107 113 87 88 107 104 87 'Normal'
88 111 111 91 88 106 115 87 84 98 111 83 88 112 113 88 88 103 113 88 88 103 108 85 88 107 104 87 88 107 109 83 84 99 109 83 'Normal'
88 106 115 87 84 98 111 83 80 89 115 87 88 103 113 88 88 103 108 85 84 99 108 85 88 107 109 83 84 99 109 83 88 103 109 87 'Normal'
92 115 111 91 92 115 115 94 92 111 120 91 88 103 113 88 88 112 118 92 88 112 122 88 84 103 113 87 88 111 113 92 93 107 109 92 'Normal'
84 106 111 87 84 106 111 87 84 106 111 87 92 112 128 92 92 112 118 96 92 112 113 88 93 111 113 92 93 116 118 92 88 111 118 92 'Normal'
84 106 111 87 84 106 111 87 84 98 111 87 92 112 118 96 92 112 113 88 88 103 113 85 93 116 118 92 88 111 118 92 93 107 113 87 'Normal'
84 98 111 87 84 98 106 91 84 102 111 87 88 103 113 85 97 107 113 88 92 112 118 92 93 107 113 87 93 107 113 87 93 107 109 87 'Normal'
88 106 106 87 84 106 111 83 88 98 106 83 88 103 108 85 88 103 113 92 88 107 113 88 93 103 109 87 88 107 109 87 88 111 113 92 'Normal'
88 111 111 87 88 111 106 87 88 106 111 87 84 103 108 85 88 95 104 81 84 99 108 85 88 95 100 79 88 95 100 83 88 103 100 83 'Normal'
84 106 106 87 84 102 111 83 84 98 98 83 84 99 104 85 84 99 104 81 84 99 100 81 88 99 100 79 84 99 104 79 79 95 100 79 'Normal'
84 98 102 79 80 94 102 76 76 94 94 72 80 91 100 78 76 83 91 74 71 79 87 70 75 87 93 71 75 83 85 71 71 75 85 67 'Normal'
76 94 94 72 72 81 82 68 68 73 78 65 71 79 87 70 71 79 79 67 71 79 83 67 71 75 85 67 71 79 77 67 71 75 81 67 'Normal'
64 69 78 65 68 77 86 65 64 66 86 68 71 79 79 63 68 75 79 67 60 68 79 67 67 72 81 67 67 64 81 67 59 61 77 71 'Normal'
101 132 139 103 101 126 133 103 92 112 118 85 102 137 139 108 102 126 134 104 88 121 128 100 90 109 112 89 90 113 117 92 90 113 122 96 'Normal'
76 99 104 81 76 99 108 85 76 103 118 88 84 103 104 79 79 107 109 87 79 107 109 87 82 100 108 81 82 100 104 78 78 100 104 81 'Normal'
80 107 113 85 80 95 100 78 80 95 100 78 79 103 104 79 79 95 100 79 79 95 96 75 82 100 108 85 78 96 96 78 78 91 92 70 'Normal'
80 95 100 78 80 95 100 78 80 91 100 78 79 95 100 79 79 95 96 75 79 95 100 75 78 96 96 78 78 91 92 70 74 91 92 70 'Normal'
80 95 100 78 80 91 100 78 80 91 100 74 79 95 96 75 79 95 100 75 75 95 100 79 78 91 92 70 74 91 92 70 78 91 96 74 'Normal'
80 91 100 74 80 95 104 74 76 91 104 74 75 95 100 79 75 91 96 75 75 91 96 71 78 91 96 74 74 87 92 70 74 87 88 70 'Normal'
76 87 100 74 76 87 91 74 76 87 91 67 75 87 96 71 75 91 96 71 75 87 93 67 74 87 92 70 78 87 88 66 78 87 92 66 'Normal'
76 87 91 67 71 87 87 70 71 83 87 67 75 87 93 67 71 87 89 67 71 79 81 62 78 87 92 66 74 83 92 66 70 83 92 66 'Normal'
71 87 87 70 71 83 87 67 68 83 87 67 71 87 89 67 71 79 81 62 71 79 85 62 74 83 92 66 70 83 92 66 70 83 88 70 'Normal'
68 83 87 67 71 83 87 70 76 91 91 74 71 75 81 62 67 75 85 71 67 75 96 79 59 60 96 81 56 49 104 100 49 40 112 114 'Normal'
84 103 108 85 88 107 118 88 88 107 118 92 84 99 113 87 84 99 109 87 84 103 109 83 63 67 104 85 82 96 104 78 86 100 108 85 'Normal'
88 107 118 88 88 107 118 92 88 107 118 92 84 99 109 87 84 103 109 83 88 107 113 87 82 96 104 78 86 100 108 85 90 104 112 85 'Normal'
88 107 118 92 88 112 113 88 88 103 113 88 88 107 113 87 88 107 104 87 88 107 109 83 90 104 112 85 86 104 108 85 86 104 108 85 'Normal'
88 103 113 88 88 103 108 85 84 99 108 85 88 107 109 83 84 99 109 83 88 103 109 87 86 104 108 85 86 104 108 85 86 100 108 85 'Normal'
88 103 108 85 84 99 108 85 88 99 104 85 84 99 109 83 88 103 109 87 88 103 109 87 86 104 108 85 86 100 108 85 90 104 112 89 'Normal'
92 112 118 92 92 107 113 92 92 107 118 88 88 107 109 92 88 107 109 87 88 107 109 87 90 104 112 89 86 104 108 89 90 104 108 92 'Normal'
88 107 113 88 88 103 108 81 88 103 108 88 88 111 113 92 88 107 113 87 88 107 113 87 86 104 108 85 90 109 112 92 86 109 108 89 'Normal'
88 103 108 88 84 99 104 85 84 103 108 81 88 107 113 87 88 107 109 83 84 99 104 87 86 109 108 89 86 109 112 89 90 109 112 92 'Normal'
84 103 108 85 88 95 104 81 84 99 108 85 88 95 100 79 88 95 100 83 88 103 100 83 86 104 104 85 82 100 100 85 82 100 104 78 'Normal'
88 99 104 85 84 99 104 85 84 99 104 81 84 103 104 83 88 99 100 79 84 99 104 79 82 96 100 81 82 100 108 81 82 96 104 78 'Normal'
84 99 104 81 84 99 100 81 80 91 96 78 84 99 104 79 79 95 100 79 79 99 100 83 82 96 104 78 82 96 100 81 86 96 104 81 'Normal'
56 61 87 78 71 79 100 81 80 95 100 85 75 83 96 79 84 99 104 83 84 99 104 83 82 96 104 85 82 100 104 85 86 100 108 85 'Normal'
80 95 100 85 80 91 100 81 80 91 100 78 84 99 104 83 79 95 100 75 75 87 93 71 86 100 108 85 86 100 112 85 86 100 112 85 'Normal'
76 83 91 74 71 79 87 70 71 79 79 67 75 83 85 71 71 75 85 67 71 79 77 67 82 96 100 81 78 83 84 70 74 75 88 66 'Normal'
71 79 79 67 71 79 83 67 71 79 79 63 71 79 77 67 71 75 81 67 67 72 81 67 74 75 88 66 70 79 88 66 70 75 76 66 'Normal'
88 121 128 100 84 107 113 87 84 99 104 79 90 113 122 96 95 128 127 103 95 123 127 100 87 103 114 90 92 122 135 109 96 127 130 105 'Normal'
79 107 109 87 79 107 113 87 79 103 104 83 78 100 104 81 82 104 104 85 82 104 108 85 79 99 105 83 83 103 114 86 79 99 105 83 'Normal'
79 107 113 87 79 103 104 83 79 103 104 79 82 104 104 85 82 104 108 85 82 100 108 85 83 103 114 86 79 99 105 83 79 95 101 79 'Normal'
79 95 96 75 79 95 100 75 75 95 100 79 78 91 92 70 74 91 92 70 78 91 96 74 83 91 97 72 83 91 97 72 79 91 93 72 'Normal'
75 91 96 71 79 87 93 71 79 87 93 67 74 87 88 70 78 87 84 70 74 87 88 66 79 88 93 68 79 91 93 72 75 91 93 68 'Normal'
79 87 93 67 75 87 96 71 75 91 96 71 74 87 88 66 74 87 92 70 78 87 88 66 75 91 93 68 79 88 93 68 75 84 90 68 'Normal'
75 91 96 71 75 87 93 67 71 87 89 67 78 87 88 66 78 87 92 66 74 83 92 66 75 84 90 68 75 84 93 72 75 88 90 68 'Normal'
71 79 81 62 71 79 85 62 67 75 85 62 70 83 92 66 70 83 88 70 70 83 84 66 75 91 97 75 75 88 93 72 67 81 86 64 'Normal'
71 79 85 62 67 75 85 62 71 75 85 62 70 83 88 70 70 83 84 66 66 79 84 63 75 88 93 72 67 81 86 64 63 77 86 72 'Normal'
67 75 85 62 71 75 85 62 67 79 81 62 70 83 84 66 66 79 84 63 66 79 88 66 67 81 86 64 63 77 86 72 63 73 97 83 'Normal'
71 75 85 62 67 79 81 62 71 79 85 62 66 79 84 63 66 79 88 66 70 79 88 66 63 77 86 72 63 73 97 83 59 60 110 98 'Normal'
67 79 81 62 71 79 85 62 71 75 81 67 66 79 88 66 70 79 88 66 66 71 88 70 63 73 97 83 59 60 110 98 49 45 119 116 'Normal'
88 107 104 87 88 107 109 83 84 99 109 83 86 104 108 85 86 104 108 85 86 104 108 85 87 95 105 83 83 99 110 83 87 99 105 86 'Normal'
88 103 109 87 93 103 109 87 88 107 109 87 86 104 112 85 86 104 104 81 86 96 104 81 92 103 110 83 92 103 110 86 87 99 105 83 'Normal'
88 103 100 83 88 103 109 83 88 103 113 83 82 100 104 78 86 100 96 81 82 100 104 81 83 99 101 79 79 95 101 79 79 95 105 79 'Normal'
84 103 104 83 88 99 100 79 84 99 104 79 82 96 100 81 82 100 108 81 82 96 104 78 87 95 97 83 83 99 101 79 83 99 105 79 'Normal'
84 99 104 79 79 95 100 79 79 99 100 83 82 96 104 78 82 96 100 81 86 96 104 81 83 99 105 79 83 95 101 79 79 99 97 79 'Normal'
79 91 104 79 75 79 96 79 75 83 96 79 82 100 104 78 82 96 104 81 82 96 104 85 83 95 105 83 83 95 101 79 83 99 105 83 'Normal'
75 83 96 79 84 99 104 83 84 99 104 83 82 96 104 85 82 100 104 85 86 100 108 85 83 99 105 83 87 99 105 83 83 103 105 86 'Normal'
71 75 85 67 71 79 77 67 71 75 81 67 78 83 84 70 74 75 88 66 70 79 88 66 79 88 97 72 71 81 86 68 71 77 82 64 'Normal'
71 79 77 67 71 75 81 67 67 72 81 67 74 75 88 66 70 79 88 66 70 75 76 66 71 81 86 68 71 77 82 64 71 81 82 68 'Normal'
64 83 96 81 60 87 104 85 60 91 108 85 63 91 104 83 67 95 109 92 71 103 113 92 59 87 96 81 66 96 104 89 70 104 117 92 'Normal'
60 87 104 85 60 91 108 85 64 91 113 88 67 95 109 92 71 103 113 92 67 103 113 92 66 96 104 89 70 104 117 92 70 109 117 96 'Normal'
64 91 113 88 64 95 113 88 68 103 113 88 67 103 113 92 71 103 109 92 71 103 113 92 70 109 117 96 70 109 112 96 66 104 112 92 'Normal'
68 103 113 88 68 103 118 92 68 107 113 92 71 103 113 92 71 107 118 92 71 107 113 96 66 104 112 92 70 104 112 92 70 109 117 96 'Normal'
68 107 113 92 68 107 118 92 68 103 118 92 71 107 113 96 71 103 118 92 67 103 118 92 70 109 117 96 70 109 117 92 70 104 112 92 'Normal'
68 107 118 92 68 103 118 92 71 103 118 92 71 103 118 92 67 103 118 92 71 103 118 96 70 109 117 92 70 104 112 92 70 109 112 92 'Normal'
68 103 118 92 64 103 122 92 71 107 122 96 71 99 118 96 67 103 118 96 67 107 113 96 66 100 112 92 66 104 117 92 63 104 112 92 'Normal'
64 103 122 92 71 107 122 96 71 107 122 96 67 103 118 96 67 107 113 96 67 107 123 96 66 104 117 92 63 104 112 92 66 100 112 92 'Normal'
71 107 122 96 71 107 122 96 71 103 113 92 67 107 113 96 67 107 123 96 71 111 123 96 63 104 112 92 66 100 112 92 66 104 117 92 'Normal'
71 107 122 96 71 103 113 92 71 103 118 92 67 107 123 96 71 111 123 96 71 103 118 96 66 100 112 92 66 104 117 92 70 109 122 96 'Normal'
71 103 113 92 71 103 118 92 71 107 118 96 71 111 123 96 71 103 118 96 71 107 113 92 66 104 117 92 70 109 122 96 74 109 117 96 'Normal'
71 103 118 92 71 107 118 96 71 107 118 96 71 103 118 96 71 107 113 92 71 107 113 96 70 109 122 96 74 109 117 96 74 109 112 96 'Normal'
71 107 118 96 71 107 118 96 76 107 122 99 71 107 113 92 71 107 113 96 75 103 118 96 74 109 117 96 74 109 112 96 74 109 112 96 'Normal'
71 107 118 96 76 107 122 99 71 116 122 99 71 107 113 96 75 103 118 96 75 103 118 96 74 109 112 96 74 109 112 96 74 104 117 92 'Normal'
71 116 122 99 76 107 122 103 76 112 122 96 75 103 118 96 75 107 118 96 79 103 118 100 74 104 117 92 74 109 117 96 78 104 112 96 'Normal'
76 112 122 96 76 112 122 99 80 107 122 96 79 103 118 100 84 111 123 100 84 103 118 96 78 104 112 96 78 104 112 96 78 104 112 96 'Normal'
76 107 118 96 84 116 128 103 92 116 133 103 71 79 109 92 79 103 123 100 84 111 128 100 74 83 108 89 66 71 100 85 74 83 104 92 'Normal'
92 116 133 103 84 112 122 96 71 83 96 85 84 111 128 100 84 103 118 92 71 79 96 79 74 83 104 92 78 96 112 96 82 91 100 89 'Normal'
84 112 122 96 71 83 96 85 64 79 96 81 84 103 118 92 71 79 96 79 63 75 96 83 78 96 112 96 82 91 100 89 66 71 84 78 'Normal'
71 83 96 85 64 79 96 81 60 83 100 81 71 79 96 79 63 75 96 83 67 83 104 87 82 91 100 89 66 71 84 78 63 79 96 85 'Normal'
64 79 96 81 60 83 100 81 60 83 96 85 63 75 96 83 67 83 104 87 59 83 100 83 66 71 84 78 63 79 96 85 66 91 104 92 'Normal'
60 83 100 81 60 83 96 85 64 87 100 88 67 83 104 87 59 83 100 83 63 87 100 87 63 79 96 85 66 91 104 92 66 87 108 89 'Normal'
64 83 104 88 64 79 100 85 56 71 96 85 63 83 104 87 63 79 100 87 59 75 96 87 63 83 104 85 63 83 100 85 66 83 100 85 'Normal'
68 75 108 96 71 87 108 88 71 91 100 81 67 95 109 92 75 99 104 83 75 95 100 79 66 87 104 89 63 87 104 89 70 100 104 85 'Normal'
71 87 108 88 71 91 100 81 76 95 108 88 75 99 104 83 75 95 100 79 71 91 100 83 63 87 104 89 70 100 104 85 70 91 104 85 'Normal'
71 91 100 81 76 95 108 88 80 95 104 85 75 95 100 79 71 91 100 83 71 95 104 87 70 100 104 85 70 91 104 85 63 91 100 81 'Normal'
76 94 102 79 84 102 111 91 84 102 106 91 84 99 108 88 84 103 113 96 84 99 113 88 88 103 113 92 88 103 109 92 84 99 109 92 'Normal'
84 102 106 91 88 106 111 91 88 106 111 98 84 99 113 88 84 99 108 92 84 107 113 96 84 99 109 92 88 103 113 96 88 103 118 100 'Normal'
88 106 111 91 88 106 111 98 76 94 106 91 84 99 108 92 84 107 113 96 84 107 122 96 88 103 113 96 88 103 118 100 79 107 123 100 'Normal'
76 94 106 91 68 94 111 91 57 81 102 83 84 107 122 96 68 103 113 92 53 91 104 88 79 107 123 100 67 103 113 96 55 91 109 87 'Normal'
50 73 86 76 50 69 86 72 50 69 90 76 50 79 100 81 50 75 96 78 46 71 87 74 55 83 100 87 51 79 104 83 51 83 100 83 'Normal'
50 69 86 72 50 69 90 76 50 69 90 76 50 75 96 78 46 71 87 74 50 71 87 74 51 79 104 83 51 83 100 83 51 79 96 79 'Normal'
50 69 90 76 50 69 90 76 50 73 94 76 46 71 87 74 50 71 87 74 50 75 91 78 51 83 100 83 51 79 96 79 51 75 96 79 'Normal'
50 73 94 76 50 73 90 76 50 73 94 79 50 75 91 78 50 79 96 78 46 79 96 78 51 75 96 79 48 72 89 79 48 68 89 75 'Normal'
50 73 90 76 50 73 94 79 53 81 102 83 50 79 96 78 46 79 96 78 50 79 96 81 48 72 89 79 48 68 89 75 48 75 89 79 'Normal'
53 77 98 79 53 81 98 79 53 77 94 76 53 79 96 81 53 83 96 78 53 75 96 78 51 75 96 79 51 72 89 75 48 79 93 79 'Normal'
53 81 98 79 53 77 94 76 53 73 98 76 53 83 96 78 53 75 96 78 53 71 87 74 51 72 89 75 48 79 93 79 55 79 93 79 'Normal'
53 77 94 76 53 73 98 76 57 77 98 79 53 75 96 78 53 71 87 74 53 71 87 74 48 79 93 79 55 79 93 79 55 79 93 75 'Normal'
53 73 98 76 57 77 98 79 57 73 90 72 53 71 87 74 53 71 87 74 53 71 83 74 55 79 93 79 55 79 93 75 51 75 89 75 'Normal'
50 62 78 68 53 69 82 76 57 77 94 76 53 71 87 74 53 68 83 70 56 71 79 74 51 68 85 75 51 68 81 71 55 72 81 71 'Normal'
53 69 82 76 57 77 94 76 57 73 90 76 53 68 83 70 56 71 79 74 56 75 87 74 51 68 81 71 55 72 81 71 55 72 85 75 'Normal'
57 77 94 76 57 73 90 76 53 73 90 76 56 71 79 74 56 75 87 74 56 75 96 74 55 72 81 71 55 72 85 75 59 79 93 79 'Normal'
57 73 90 76 53 73 90 76 57 77 94 79 56 75 87 74 56 75 96 74 60 79 91 81 55 72 85 75 59 79 93 79 63 87 100 83 'Normal'
53 73 90 76 57 77 94 79 60 81 98 79 56 75 96 74 60 79 91 81 64 87 100 85 59 79 93 79 63 87 100 83 63 95 104 83 'Normal'
